world: 9635650a-c2ea-4443-b833-0cd0309707f0
world-name: pvp
x: 37.620541708255395
y: 258.0
z: -2.623867149117386
yaw: 94.0595703125
pitch: 31.996490478515625
name: pvp
lastowner: 457f9b14-6159-3fed-bd7e-ff99c713c2f2
